59148
58692
58982
58828
58764
58830
58793
58787
58562
58706
58537
58709
58845
58548
58857
58685
58717
58903
58903
59597
59675
96308
59009
58909
58745
59097
59102
80592
58858
59458
99756
58570
58869
61463
58905
58893
58717
58593
58771
58747
59066
60487
59108
80571
58663
58838
58973
58909
58787
58662
59196
59343
59491
59422
59597
60295
58875
58571
58707
58996
58924
59373
59755
59070
62168
61383
61011
59527
59416
59079
59194
58816
59476
59455
58977
58775
60198
59015
60099
58891
60302
58881
58988
59128
59570
59184
59158
58722
59149
58763
59172
58768
58734
58764
58703
59462
58647
58951
58591
59205
