255511152
260156700
245940744
269139484
249126963
240881813
265972814
232025510
248468073
256955829
246592207
254140832
250864426
252213353
250365717
280617888
264312271
263256849
258230950
256809959
288966121
250963483
245144458
236216873
248699096
254473936
251292372
251350813
250818124
241857811
239609480
242323735
260917357
279815768
265353449
247931340
250367746
250362139
251888761
253528492
243620653
251733848
252628295
259124114
278336391
252508456
251569976
249161426
248670176
249803700
249730011
248946934
248426134
248949959
249318353
250530842
249151603
249782998
250015531
249684012
250800625
249557386
249610376
250862843
245149778
249774603
253292427
245151992
249546816
250241490
249646444
257410389
248376350
251956237
251230219
256370639
250852253
252544938
251016944
252581418
254464698
265601677
250120623
255915137
252852663
249533998
249390500
251950073
273751457
252411025
250881466
260675256
252421316
252361305
268496467
252806328
251368281
266224484
261292252
258007824
