58559
58169
58298
58126
58277
58139
58161
58144
58198
58028
58066
58089
58116
58059
58167
57725
58081
58572
58472
58675
74316
95315
58511
58433
59038
58248
64652
67907
58644
62971
58746
58258
58183
104337
58181
58218
58097
57736
58222
58229
58971
59030
58305
58093
58183
58297
58460
58325
58262
58000
61634
58708
58995
58514
59134
58384
59114
58134
61124
58492
58701
58917
59785
58854
60032
59205
60499
58440
58991
58380
58177
58571
59049
58431
58091
57709
58734
58788
58166
58037
58666
58418
59103
58491
58790
58250
58180
58227
58161
58339
57727
58038
58184
58119
57959
58070
58112
58251
58246
58578
