10513259
10449302
10170530
10082903
10033484
10202859
9873076
10404296
9993387
10258074
9868613
10000260
12582078
10005829
10134401
9749440
10053907
9812977
10192481
10140046
10345965
12784045
9951382
10165432
10008385
10200334
10414546
10113737
10158383
10334498
10027073
10163305
10326979
10528189
10363264
10047756
10271041
10289346
10038517
10167055
10247523
9933371
10212762
10382193
10156248
9912369
10397480
10174800
10339184
10311793
10410711
10325153
10168202
10267718
9917463
9732786
9957791
9961823
10313659
10162447
10468205
10323940
10216153
10271379
9850603
10282608
10025692
10128348
10419155
10067065
10179701
10039505
10102511
10346600
9678427
10170418
10128066
9564179
9500873
9738608
10499084
10160862
10053793
9680920
9474913
10217445
9405645
9862252
10471054
10406070
10246266
9985254
10321256
10497034
10341888
10343826
10410976
10281501
10320195
10484728
