319610
56095
49338
47653
46921
46835
46328
46329
46218
45911
45897
46013
45991
45893
45811
45990
45797
45838
45741
46235
46043
45813
46000
45660
45724
45748
45840
45968
45747
46262
45653
46314
45603
50941
46379
46249
45533
45381
66392
51969
45555
45441
45432
45330
45666
45397
45556
45359
45646
47263
45483
45455
45392
45633
45504
45949
45947
45806
45772
47356
45663
45712
45725
45590
45675
45620
45709
45532
45694
46336
45680
45650
45682
45710
45726
45788
45736
45756
45803
45685
45567
45535
45475
45556
45651
45526
45936
46089
46109
45541
45565
45532
46022
45893
45713
45493
45471
45620
46421
45566
