227815307
231137773
237594485
241904366
240745421
231763616
224196138
233873670
220352517
219940873
216170326
215473404
210464569
209763585
211749081
214265303
233488564
210818286
213917628
208582453
208803307
209086620
225328788
213063363
215042990
222392928
205850426
209105958
208641862
213616990
210474188
212161123
212590827
213877977
213660407
206392240
209376666
209102541
212724856
214224380
213972468
212479586
211156461
210236710
209253797
208294407
211214634
212371305
213674283
214260965
209712943
208981786
208886240
209012415
211068274
212042588
211436500
211520298
210083925
208573311
208766005
208482786
209478378
211071110
212077845
211923674
212156131
208942664
209410129
209243489
208565533
210907483
214180575
213591912
211853859
209196342
208571231
208632541
212545012
210090193
212993155
211841996
214426516
210461584
209365827
209091308
210341646
218333812
213525008
213105453
211481613
213624987
208507308
208686113
208571120
208574887
224182243
220977423
214038640
214532162
