10075992
10061465
10041580
9922678
10557924
10053774
10217368
10142246
10080143
10115914
10064415
10093603
10272831
10074223
10939574
10113847
10157378
10094437
10049733
10070232
10064469
10041060
10171316
10514775
11340694
10021359
10026674
9717102
10052456
10673252
9955582
9666327
9637273
9383425
9612155
9385348
9249698
9364368
10437247
10064762
10167026
10741307
10841097
12047631
10772475
10878177
10119418
10663300
10767600
10110928
10649655
9833482
10700958
10849686
10274378
11190339
11235283
10833542
11410560
11315612
10286049
10850109
10340853
10077148
10337595
10299314
10078045
10379926
10158623
10382203
10090310
10047574
10101694
10034885
10088474
10068530
10011824
9923102
9908974
10080646
9680938
9861875
10076651
9983017
10101903
9947126
10035752
10108208
10030804
10096415
10076381
10067316
10086147
9915514
10019931
9822533
9737597
9936920
9783799
9972690
