5684368
5691676
5709514
5678960
5709160
5732712
5547767
5797772
5692756
5563084
5740261
5654112
5547823
6046989
5547151
5559612
5758725
5765040
5574626
5789625
5654486
5568143
5702895
5649760
5491163
5658794
5608693
5430961
5393678
5338622
5182264
5161435
5149570
5146781
5117446
5111508
5226967
5209234
5172435
5625113
5496590
5409909
5337281
5211487
5209201
5155031
5150108
5143974
5151808
5159308
5162151
5085009
4991902
4985772
5167410
5545739
5690344
5643146
5586598
5771579
5663310
5650841
5687514
5677823
5571737
5668543
5747129
5576232
5652669
5746618
5501444
5471553
5612240
5363840
5551388
5571999
5524220
5706825
5638879
5869361
5679055
5643051
5555713
5592899
5604344
5487559
5337793
5251300
5206426
5148481
5152523
5149459
5143767
5147788
5293136
5177483
5361088
5230549
5156294
5169379
