334287
317078
607695
339137
323126
328422
325099
295456
302949
302702
296323
300556
325890
318995
301956
327071
319537
323694
308130
319011
70919
109267
107833
109615
113798
108090
104132
109994
110320
112252
135023
139540
109303
109778
112327
108721
108229
108959
110053
105655
111276
108014
109926
107075
41417
35821
41773
41455
58485
57770
59379
40977
62685
41265
44355
41730
39730
38141
40530
42167
41020
41180
38917
38825
38730
38709
40623
89246
39045
41026
39088
39326
37792
39974
39570
37835
39545
40550
40916
41219
40485
39811
39676
37601
38212
39389
41139
42131
40583
39991
38277
36552
41809
38353
37807
40553
38924
38560
39730
38588
