5427
4943
6116
5283
5874
5361
8398
5055
5183
7147
5292
5474
4894
4893
4945
4859
5425
7433
1182
1154
1134
1138
1127
1200
1998
1221
1208
1135
1139
1259
1212
1556
1725
1514
1125
1367
1283
1213
1158
1248
1175
1136
1169
1143
1116
1127
1142
1168
1249
1275
1331
1320
1322
1527
1139
1130
1142
1222
1344
1274
1158
1248
1268
1443
1642
1264
1266
1192
1220
1153
1128
3622
1144
1143
1234
1285
1159
1156
1203
1128
1152
1159
1218
1126
1159
1196
1254
1115
1183
1134
1128
1197
1212
1110
1222
1130
1606
1435
1150
1250
