136209012
143787252
152251701
152790238
153470200
152484424
153073273
154088215
141856426
156419460
159040652
152988860
133149336
132077120
131806588
131466461
132526617
136334358
137546848
132082861
131206221
130591057
132667435
134670158
135776223
132078863
134547153
131984859
132033764
134994897
132712239
133442701
133135726
131149048
131943678
152958152
133820308
132960158
133278381
133405773
131611835
134889936
133766902
131838277
131721569
131653974
131956932
134340064
133658620
131969357
132919329
131866684
144976774
135598584
133426734
131738775
131424447
133046991
131348286
133427315
134971618
134245821
131822849
132021183
133368430
134762258
136248374
138239903
136762312
140005245
137996517
139092436
132709295
136404564
133957375
133583882
136025003
136563447
135282784
132357278
132587190
132210957
133658791
137323725
132185302
131879891
131812635
131745517
133509925
134703172
134262661
131949874
131630493
131565469
151037305
152122454
132475532
131883756
133351977
133619615
