38948
38617
43207
40578
41411
43232
41812
43341
43001
43052
43226
43297
43232
43087
43443
41041
41036
41329
39833
38314
38576
38264
41396
39067
38317
39996
38447
38209
38660
39802
40199
38591
38534
38213
38577
38266
39944
38624
36904
43366
37586
37208
38587
37020
36967
38542
37423
38356
37361
36987
36922
37319
38232
36946
37394
36914
38178
37389
38318
41300
38405
36942
38595
37048
38264
38647
36925
41673
40123
37192
37147
37370
37190
37036
37340
36945
36911
37320
37064
38541
37438
37172
40028
37040
36976
38653
37026
38217
38672
37021
36929
38669
38760
38292
38628
37069
43294
38571
37076
36916
