38252
38399
42589
39524
40995
42482
41690
42658
42572
42860
42586
42602
42706
42242
42529
40593
40610
41003
39266
37846
38436
37868
40962
38212
37882
39482
37932
37850
44246
39387
37910
38572
38219
37874
38101
37837
39486
38122
36528
42605
36845
36699
38099
36613
36535
38205
36841
37858
36821
36696
36543
36898
37914
36555
36904
36483
37802
37000
37826
39678
37855
36543
38178
36543
37852
38198
36629
41085
40056
36749
36616
39171
36744
36654
36947
36556
36532
36976
36516
40752
36871
36588
39487
36633
36586
38196
36713
37815
38194
36519
36576
38148
38024
38003
38381
36668
42664
38505
36617
36526
