9771151
10635863
10104238
10065334
10193599
10142174
10113204
10027402
10056650
9717899
9793351
9810103
10517139
9712440
9917400
9721159
9701297
9697529
9670051
9749292
9704851
9715941
9652774
9850425
9721337
15425604
9868133
9781243
9753304
9873258
9900529
9687356
9705697
9669752
9751439
9719852
9722340
9822854
9939874
10742908
9958216
9725643
9682090
9702761
15650614
17988696
9697524
10737876
9892123
9865541
9774050
10153804
10007277
9747591
9809430
9716532
9748311
11915991
9965365
9854626
9807249
9791618
9747164
10072667
9847656
9694878
9815332
9692505
9699894
9709139
9741074
9717596
9726037
9817037
10289974
9718463
9723912
9715820
9691237
9695262
9738337
9701306
9712554
9726949
9732359
9699867
9716131
9548899
9707745
9723768
9799890
9719282
9686929
9697717
9567970
9714567
9706895
9704773
9776065
9785679
