10991
12509
19648
10319
10393
12575
10468
10531
33391
7162
6853
6443
6471
6463
6466
6792
6494
6475
6494
6447
6473
6485
6456
6458
6443
6477
6576
6457
6743
6483
7044
6664
6694
6454
6488
6514
6504
6466
6516
6461
6504
6460
6518
6556
6491
6454
6501
6484
7179
6553
6579
6528
6574
6489
6481
6502
6527
6485
6509
6530
6456
6494
6486
6467
6489
6900
6468
6461
6478
6479
6924
6502
6498
6492
6514
6487
6490
6497
6543
6472
6488
6502
6705
6494
6511
6488
6491
6493
6517
6476
6890
6468
6433
6440
6480
6506
6458
6455
6706
6699
