779391
566368
226650
175812
210464
189275
200021
181629
194796
167977
179252
201221
171530
168360
173844
176660
173611
184217
169751
168881
163902
171621
167843
172361
212700
172293
163372
167634
170523
606131
573230
592778
605825
610844
555011
578184
573745
572140
99045
98192
102462
99273
98981
98671
99233
100226
101057
108204
101259
101327
104358
101198
102275
127775
101713
100417
100309
99667
100235
98757
100907
100476
102162
100963
122775
139851
113449
100166
98779
100799
100360
99264
100438
99810
102100
105022
100787
100478
102825
100538
100168
104122
98172
99104
101640
99815
105341
98694
100940
100918
99587
98144
102175
102046
100439
99961
129638
100034
102038
101106
