10232144
10059102
9905603
9882034
9953414
10175738
9894357
10165763
9905088
9894906
9958376
9909570
9934636
9925175
9894049
9800276
9837862
9857897
9845253
9922745
9901561
10591721
9811992
9863804
9831549
9934260
9913082
9897397
9894407
9847555
9926722
9894899
10001819
10327650
9872639
9814214
9893700
9925795
9830940
9887068
9943735
9850167
9941213
9924509
9875114
9895635
9897886
9816595
10079732
9866835
9946911
9854091
9923010
9903540
9858536
9901670
9838176
9850215
9891819
9867793
9912066
11617275
9937889
9842767
9828430
9867861
9963742
9941140
10070572
10063477
9851024
9854186
9861109
9822557
9544158
10176350
9869453
9917344
9561506
9475642
9770220
9904802
9828292
9742842
9528614
9498611
9497357
9654727
9660819
10012405
10020310
10124015
9920877
9996400
10055856
9986805
9953573
9962496
9988526
10078210
