229048484
245916222
244180350
249848903
241662425
236488821
231571400
232859764
223792199
224246998
224879446
227553723
223144885
222826385
218479577
217243811
215364048
216042723
220490387
220927989
222674671
219436267
218406575
216860167
216532658
216533272
219000163
219818929
219186745
223291682
220203030
219817751
219253598
224090174
217998726
216789313
220488277
219088684
218630630
219876118
216248786
218181934
230433558
219703025
222142144
222116418
219365645
217773995
216253845
217512454
216187240
239259964
220640570
218928591
218881010
216162611
216141238
216317115
217202001
218107171
243398840
221107420
220060093
216808366
216275960
215885039
216068125
217697095
218521683
246713808
219865227
219890154
216700203
216480439
221315747
216716738
219877695
222523688
244311205
218760446
216422674
216746986
216567976
216380570
217023491
219823134
222072834
237757041
217916239
216871965
216438842
216822438
216069134
218601815
220215099
221044066
234784044
216258950
217194371
216174359
