608327
506614
700793
423056
562199
480119
379613
117125
116141
118058
121152
119184
133183
124913
120920
127376
121428
127120
51578
54881
55332
51655
54851
51404
52419
51482
41596
50918
54737
53750
64892
55724
52805
52661
63952
49705
49711
49613
52790
50329
53501
53086
56056
53306
55107
45929
57241
51174
84658
67459
85614
54938
92733
53931
53021
55057
51201
51099
54648
52658
55426
55258
51767
53900
50651
50675
55857
51570
48873
52754
50386
51218
53812
50612
52326
47773
54284
52893
54113
52279
54950
54440
53131
50967
48830
52118
53538
52693
54523
52363
52136
47331
57823
50789
48214
51870
51414
48040
50784
47758
