43308
43207
43150
43122
43177
43052
42999
43060
43005
43004
43017
42988
42937
43059
42957
42937
43102
43034
43266
43617
60244
53413
43109
43134
75806
44047
54808
44215
43486
59508
43157
43141
43055
72748
42992
43133
43035
43083
42970
43034
43008
43223
43403
43044
43015
43058
42999
43057
42912
43009
43080
43240
43597
43097
42950
43346
43638
43186
43225
43095
43222
43477
44334
52278
45173
43542
44214
43405
43490
43206
43515
43098
44338
43238
43026
43544
43383
43418
43324
43398
44047
42967
43461
43350
43721
42974
43105
43051
43023
43214
42929
43019
42971
43049
42932
42964
42946
42934
43057
43397
