151971814
141869924
144833942
145007818
143825428
134358884
130061247
129880854
129941572
139556558
131012116
128003945
126486052
125783487
125708056
133916620
129210678
130715589
129532916
126651936
125890305
125711164
125628480
125716600
144282816
128456973
126899110
126315687
125660004
125840723
125746493
127190726
127959499
147038979
128845393
125675154
126649807
125721764
125625013
125848986
123721801
128516898
143574266
125691772
125849400
126832957
125763016
126394821
125614597
128589715
129232098
134777363
125651763
125687157
126674907
125552882
126457941
126872899
127715174
128316797
130978890
125771688
125752307
125676450
125715441
126599850
128623893
129123825
127898355
127062957
125521225
125738153
125695093
125544185
129946240
128952187
128344752
125988229
126161510
125547430
125620356
125803585
127305683
130281164
128327954
126478424
125540724
125515672
125546225
125606200
126102184
129184937
129626359
126412608
126242328
125703995
125736152
125618088
125588060
128711694
