267619171
282278146
270219010
263553977
273631656
259693075
262464529
258886827
266112577
265244924
287851153
262862858
256278801
253773443
261394936
268155471
276965379
269304683
278904650
267154322
262131812
260105979
245014021
251027210
260108500
263287755
263565697
256772253
265163222
261781648
240039572
263022389
270737531
259497703
258328534
265473760
261273558
263416368
272039905
261176598
263599491
264910513
264964672
272843341
278936195
266316089
263977500
261180049
256926997
263973809
265322317
263296821
262888949
262684889
261130669
261932272
259137537
263606982
260949577
264590839
264699299
262499475
260636008
264534059
260435744
266668400
279947441
261111927
263159016
265036065
263711580
282031440
261203917
264300580
289217047
258158650
266198010
266392344
262900701
291692735
265676092
264123671
263986781
264028061
270943549
260805802
263082162
266825446
261726144
262526117
263803706
258304564
267042553
266446792
271379119
281197406
266368344
287787605
274389109
265041155
