989157
566235
621950
597875
584386
556716
107650
125389
128284
129089
128647
128477
130342
129125
127710
132095
129418
131424
129093
129534
132110
130268
127908
129434
128586
136640
124167
130352
131705
130958
169518
133917
128744
128863
131492
129909
127998
129839
130244
126442
131946
127020
129936
56424
58257
54453
69490
57919
81573
88776
84594
59366
78780
88995
56773
60962
57214
62661
56940
58656
57661
57442
57101
56649
56135
56343
58129
57521
56866
58115
56055
57580
54585
57465
58057
55304
57832
57217
57651
57008
58723
58006
57834
55590
55722
56218
58364
59394
57531
56977
55596
55906
58228
56936
57022
56693
56393
55096
57697
57177
