5699576
5556069
5652247
5576028
5635192
5597243
5557271
5614750
5666853
5638008
5622618
5620098
5949064
5675473
5666897
5515212
5389328
5624726
5696448
5666303
5580139
5651116
5686195
5659577
5873390
5884415
5845451
5665785
5660025
5813974
5667612
5688784
5708445
5630173
5642848
5613730
5651615
5637508
5667604
5513710
5572160
5699527
5574151
5630920
5648479
5656993
5651329
5649914
5632229
5593923
5646059
5633997
5617325
5682861
5638266
5649691
6032658
5917782
5918594
5943757
5992317
6581386
5978916
6032611
6830558
6631721
7686557
5909628
6608044
6063428
6866164
5980013
6014612
6972878
5950688
5847117
5836118
6401549
6100597
6015025
6356226
6095429
6595518
6630737
6645063
6326457
6480846
5838425
6601113
6483577
5798100
6351043
5722662
5608142
5724878
5632720
6069235
9713907
6139768
5706966
