402455
127435
88514
95467
89121
84719
87795
93486
88009
92255
87352
93429
85873
85340
97663
88241
87537
89010
88437
90702
86693
84112
93823
90113
118883
84946
88775
84100
93987
88108
88253
87895
83669
87024
141085
116179
173899
93162
149454
93762
154138
87163
142906
98666
139283
88056
145470
91151
55151
53237
51116
53130
53377
51586
53029
51016
53485
53374
52534
50746
52380
52272
52494
50845
48875
52383
52741
52338
49061
52775
52576
52453
63661
52262
47878
52888
53220
50679
55266
52984
67202
70601
63298
52415
52360
52134
49556
53266
62099
51584
53315
51581
54144
53377
52976
53098
52929
52790
51189
52944
