6938
5694
5776
8161
5398
5526
8693
6417
8682
7608
8199
5288
22137
7340
5413
5393
5323
9234
1355
1442
1315
1520
1345
2701
2758
1774
2080
2027
2866
1725
1431
1427
1325
1306
1304
1277
1208
1400
1211
1233
1260
1241
1207
1442
2977
1274
1496
1270
1272
1301
1237
1374
1203
1246
1212
1288
1394
1182
1259
1296
1289
1345
1229
2279
2687
2372
2989
1487
1352
1297
1283
1610
1464
1411
1436
1307
1277
1349
1183
1367
1209
1301
1341
1240
1213
1211
1244
1217
1430
1358
1360
1939
1277
1223
1293
1268
1232
1270
1209
1200
