261970695
254463815
262344239
298491515
262640973
281611354
268558074
280340113
251805665
274098124
274029316
263551397
260836724
245093836
254613606
244931931
276312491
253319559
263331772
278393581
277380458
248587436
263054937
257323999
248441990
254049843
264151773
247246943
241723939
234697554
237813208
239788198
232248435
250362858
232660164
234038467
238252741
234184677
261696902
245694735
235077351
236992635
244999156
242500126
244777336
257272450
243466175
260171535
236978550
238112657
234579504
243135284
234362564
230603787
268842219
257819322
235422449
236345681
233048989
234112484
232332781
229106717
233930376
260886643
237870351
244553175
258159243
244616431
235470193
235400199
234588637
233732569
239875139
227144887
229518219
227396787
236353512
226276548
244746899
257552513
274499167
268530854
297891402
234869496
247307663
247941818
264079030
243116651
279436577
270307035
262441630
261821875
247973858
255398287
240071185
252078965
237301207
235710264
234661088
233207747
