12331926
11000889
9818503
9800120
9700250
10159701
9662330
9690096
9717343
9671459
9528010
9653105
9653438
9742423
9675329
9777297
9776382
12471965
9721321
9699693
10945790
9623082
9687773
9675401
9628424
9633800
9686271
9712700
9649770
9674320
9731337
9612983
9700940
9638820
9648826
9669540
9652197
9697092
9724121
9676859
10033879
9669076
9654788
9664170
9716106
9717964
9688108
9688807
9689380
9610968
9700095
9654457
9623111
9665586
9616854
9635445
9646883
9832333
9731861
9735770
9721971
9678340
9685289
9758035
9651584
9690059
9567379
9643521
9659950
9667994
9647579
9623333
9700947
9687138
9709967
9652366
9664543
9631815
9737509
9696472
9638489
9624100
9631069
9635547
9650830
9523398
9646536
9649831
9639671
9641536
9687181
9671373
9598976
9686326
9662853
9641024
9628061
9691856
9567542
9642866
