270083068
280064214
305689759
269468025
274296331
274412526
283007798
254750840
253263255
285158680
284685053
277501876
275467027
265258456
250038504
280913943
270187406
268274492
271395830
296147914
278972252
258213750
267434776
278216649
258933234
249794429
257114255
250383247
245581680
236120984
254097365
261167382
233953005
236425004
240811900
249095466
239211958
240476390
248967339
270141242
238555272
245266961
239426705
238199950
239689092
275683225
251267973
258640985
236104891
246505179
246162113
248218990
241621725
252739795
247825322
244804963
243466835
244332277
239071676
236216659
233347790
234326107
275849353
250116506
239644412
262080346
256908836
248289098
240174473
243825984
244923498
230249506
248857826
232417883
235300368
231679980
235760595
241917324
243453690
256404898
273994558
302443266
258704586
250160189
252239541
249385483
260834735
248724282
277372908
279947139
258050483
258157458
251014192
282280361
252265824
244313321
238299319
244831348
241357420
228943467
