249401773
251935726
250291285
251214045
258526784
258169948
262375765
246391646
223168692
251231630
244064528
246330519
256397551
248461860
241045255
231256381
226704162
236601956
224657056
227068509
258651061
249231393
252932055
234549981
223467190
230913871
232283679
241288166
223569614
224997807
231038062
241294365
240831601
234516545
246461278
239350204
230408488
230107322
224002278
223635954
223373713
246725516
219966557
228382557
240227597
228849590
241581383
233466035
249362653
224724640
225363493
224002251
250594067
255362420
231094079
229219419
223053158
229731379
257976662
225971165
253450386
241777275
245761346
238213238
254210939
255032482
222038438
248157219
262320212
247341953
256556408
263679294
255567271
260254073
252249136
228535538
246173819
256245753
233418290
239784755
262156871
250073836
232667437
232859164
224705187
228172658
223894487
224285063
231880637
239982458
240561396
223727155
223738621
230223326
245717852
252105552
253836836
269328967
255799723
255328977
