34522
34711
33945
35818
35366
35357
35928
36088
31704
32337
32710
37594
65737
37581
35312
33756
31902
33316
32318
31238
33207
35867
35347
34814
32235
30771
38725
31815
31234
31748
32805
35939
34636
36591
32705
30955
32940
32519
31928
30892
30818
30313
34322
33817
31900
33217
34277
33527
32797
35147
30543
32142
31259
35613
33535
34885
32526
34294
35710
32181
30633
34275
32768
37995
34302
34773
30729
34684
38077
35945
34665
34890
47609
38600
33266
31375
33112
40325
31701
31647
32648
35090
32508
31878
30601
30611
31674
30551
35092
31695
31891
31689
33307
30894
31653
36545
33834
34064
35022
37384
