881593
165759
133240
145379
136546
115323
131689
142986
133045
124438
127749
145511
130172
137072
138463
139791
141165
134311
144868
138764
123195
124196
141048
182966
195774
177809
183630
163530
193942
183307
183789
177725
178565
183277
199186
236466
254564
194609
197195
199750
180978
201969
191102
192022
202663
185353
181776
101794
74244
84638
75665
81058
82416
80705
82918
77341
81964
84904
81570
84416
84035
86582
81096
80964
75168
85942
85122
86694
78928
82572
92332
82332
77095
80117
75781
83822
86990
79531
84055
82492
83639
104068
119318
121484
95239
95869
82254
85765
83778
82755
84571
80515
80772
79558
84229
85721
84380
78797
83536
79882
