10863944
10415781
10585695
9833823
10187221
9767535
10065012
10148693
9587122
9916558
10075509
10247161
10287895
10259889
10560613
10984262
10553346
10392056
10699700
10981682
10661529
11085250
11310707
10467379
12057994
11576138
10639280
10827124
10367275
10247362
10434445
10269128
10426880
10119359
10081149
9869457
11206717
10614585
10362407
10036280
10293147
10016941
10466764
9691103
9896416
10133842
10058037
10074473
10160400
10056124
9760587
10131564
10175834
10772339
9942209
9851604
9788150
9755957
10206854
10169468
9902141
9868261
9514434
9745275
9561954
9630069
9195341
9462457
9283337
8923708
9535441
9753414
9445757
9401340
9859210
9397198
9226846
9318877
8880422
9158778
8986725
8739927
9293892
9714087
9302114
9332026
8896512
9144215
9811952
9490830
9025068
9477193
9833466
9703362
8850733
9171227
8910238
9068648
8541891
8864762
