157428915
163838550
162477459
164490383
163500094
155121209
167154208
155767724
151563672
170120503
156452094
161129604
154740090
161979399
149105154
169443842
163459378
156194924
165027288
178842069
167320291
158176668
161685739
160474570
163004484
161037034
156619455
150261652
143872056
146319988
163149294
149484666
146517754
141028901
153101648
146894973
147895218
152422772
144958067
149932859
144899403
145021407
140118447
142022634
147312873
161537569
155518550
149404880
145559338
147728228
147066954
153744249
144682278
183692805
150594948
147611538
146678939
144337021
149296087
144358654
139610283
151703633
165334998
149474902
149218892
161055440
153224667
145843426
145197728
146596168
162700318
140188027
154646522
140350195
140176422
139621702
140095657
150844834
162462386
162931046
166497452
187274960
153241152
150447140
157663596
147109656
156537907
153213732
165177487
171040584
159563221
156370154
152216585
159711950
164574297
146061965
145170185
144743232
145437341
139624055
