2476663
202636
176001
195479
168026
143081
137723
140478
135889
138154
134268
142843
137309
135478
134531
144411
142869
134991
140802
139838
138913
133710
143887
217998
183617
185586
203886
182993
189702
183210
221914
182117
179855
202599
193200
275467
270157
89775
88001
81525
80365
81538
79614
85250
83178
81404
80594
85439
81091
81269
80276
82418
81553
92122
81263
79441
81536
79990
80970
80170
80843
81033
80751
80493
79433
82246
80515
80872
80358
80812
79805
81840
79725
112344
79558
94637
89395
80434
80729
81251
83853
122952
126158
139111
80936
80634
95700
81311
82698
90815
81466
80508
81749
81047
80696
82088
81847
79941
81138
80593
