6242546
6264010
6117505
5892505
5883122
5871515
5866899
5860974
5777510
5927890
5839106
6108381
6180579
6376181
6140961
6589125
6297298
6173870
6201076
7149896
6289646
6234541
6797026
7215109
9989639
6822306
6085585
6040423
6386141
6038705
6064397
5973082
5834421
6184316
5782697
5962761
7063916
6236489
6233655
6122840
6047859
6069152
5894752
5859864
5794236
5834169
5794751
5855139
5970270
5938286
5891412
5824947
5933526
5788470
5800189
5843990
5740233
5899654
5789472
6002214
5797529
5752308
5766923
5772742
5570889
5590417
5521873
5575000
5318599
5356177
5564190
5641029
5410957
5380328
5564745
5436401
5577930
5415820
5285662
5326836
5413433
5285319
5816920
5605497
5330189
5384509
5425697
5415096
6031028
5455619
5453489
5731243
5575273
5570976
5491654
5337938
5275615
5238080
5163295
5177476
