9806248
10044726
10167201
9604626
9580088
9614416
9627919
9619512
9650632
9643571
9989100
9988837
10115507
10061233
10299886
9984325
10055757
10090429
10024537
9699669
9637395
9963682
10647367
9584544
9827254
9570075
9608792
9695835
9574233
9557312
9558169
9764127
10163498
10014598
9630771
9574407
9899740
13682075
9569459
9563326
9563850
9569748
9550188
9568560
9561792
9575791
9555059
9578678
9567133
9575790
9607751
9578376
9568909
9567352
9548539
9555957
9575729
9557460
9559401
9562601
9562137
9570896
9557172
9555763
9555193
9583233
9579058
9565578
9562590
9559926
9557942
9559209
9558067
9555332
9559597
9566905
9559834
9573208
9572866
9566186
9587308
9583757
9576167
9560050
9564237
9570892
9570754
9730870
9551907
9554813
19513053
31540566
10109375
9564851
11733463
9551784
9630742
9579388
11512354
9568635
