136668535
139297558
139015415
131352839
127084805
126841070
140184578
123066515
126747623
125707755
132868568
122562513
122624171
122707504
122595762
132018632
122768678
122812340
124076486
122393150
123768319
132105569
127692307
122734023
135205947
122927764
122468355
122793773
124701929
123412192
122515139
124928118
122516226
137818975
122597376
122545694
125849281
124703253
123360718
122484523
123060484
122487324
141951620
122498092
152156199
123278152
124754631
122969580
123174113
123800556
122857047
138943087
123434293
122543450
122390127
173597924
122486082
122626094
123800338
123071599
123331233
124459558
122841949
124415077
122572921
122389232
132190394
124540356
123947734
124481102
122498586
122403794
123253886
124709437
125004215
122377714
122703519
152100998
144805934
146918778
131875269
154853233
147360394
139558971
132154085
128484908
166443289
169731343
136362381
166915499
130759371
136603262
129097476
126788341
128867920
128991462
127241112
126699973
148417859
144657261
