73460
74296
73361
74016
74631
73245
72521
72054
73007
85320
72304
72768
72848
73948
73318
73389
73165
72131
76542
73321
72227
72338
72979
72799
72659
72070
73241
72946
71954
72626
72008
72909
72685
72288
72605
72003
73459
72617
72112
72823
72857
73246
73568
72164
73250
73203
72345
72944
72166
75315
72694
72267
72639
72010
73163
72474
72693
73156
72955
72120
72371
72475
72761
72411
78845
72722
72459
358711
73820
72555
72946
72232
72995
73221
72129
72543
72805
72309
72766
71991
72520
73785
72663
72733
72567
72364
72567
72617
72526
72028
72634
73220
72365
72836
72682
72703
72418
72095
72960
72985
