10343531
10956848
10538268
13336867
16119485
12286854
9946535
9840165
9867245
9877236
9831320
9840094
9827473
9826546
9826882
9826094
9837206
9831812
9823524
9901511
9824227
9824618
9825305
9821862
9821155
9843435
9876573
10739041
9823311
9888054
9829545
9814349
9819284
9813346
9795233
9819063
9832454
9823417
9888074
9834159
9822034
9826855
9821930
9821427
9821697
9822794
9860962
9835704
10444039
9893170
9853412
9835231
9834784
9832049
9828379
9827884
9828111
9896921
9873486
9884736
10059888
10384879
9908914
9825721
9828706
9827106
9869538
9848221
10488726
9867989
9871300
9868182
9823584
9958010
10734747
9861825
9819295
9892112
9798428
9817660
9820925
9836228
9825105
9827502
9948537
9828775
9861656
9857082
9840824
9932104
9961707
10608651
10816787
9831886
9868577
9829479
9906781
9829277
9836046
10067101
