52115
54030
52768
53061
51885
52773
53038
76540
52808
51072
51068
52187
85700
92958
89830
91903
90014
88727
79270
79963
70047
90409
89278
90222
89921
90091
86316
89520
88005
90415
88719
73575
87490
88326
89120
92628
90943
89238
90925
87346
92807
91206
87358
90187
87604
93129
90191
89606
93246
94903
89163
89683
81398
83242
91955
86514
87399
90523
92072
78942
90589
92914
88692
91363
90365
92055
89776
90715
88836
90263
93363
86835
91246
92490
88785
52501
72549
53102
66478
53148
50820
52204
53008
52345
55794
51888
52503
52130
53087
52355
51697
53711
52554
52127
52815
53479
51459
53476
52128
52470
