410676
399139
391775
567953
444056
403728
387495
388266
397231
389987
389815
391418
407981
386593
433233
387660
395183
390437
389080
389272
397623
391750
390621
388428
571909
534154
463200
394724
435877
394063
436017
578747
666308
596519
604472
593220
599439
436662
412560
412196
406387
390558
396239
385899
1018241
1055777
437263
391913
430521
389601
388236
395114
389140
397741
416724
404697
390193
384979
386235
397841
530061
397638
387715
388205
390649
457382
405395
498112
397544
403870
402680
390827
427740
404354
415226
403991
347629
368889
395194
387614
393315
388613
403471
387915
416844
387977
387648
392199
395918
411330
390596
389945
391654
388915
401586
388510
383681
413082
409813
655214
