32704
31767
32341
31546
31716
31772
31649
31882
31809
31703
31776
31753
32116
31638
31677
31636
31729
31779
31823
31861
31645
32254
31668
31708
31644
31786
39357
31842
31921
31787
34395
47304
31711
31546
31654
31498
31910
31559
31636
31482
31841
31858
31561
31664
32182
31548
31722
31650
31705
31865
31560
31550
31840
31556
32125
31642
31476
31579
31544
31717
31599
31771
31780
32318
31586
31629
31714
31645
31770
31663
31898
44096
31755
31977
31561
31530
31635
31737
31788
31770
31631
31665
32251
31551
31675
31544
31683
31715
31889
31807
31765
31709
31473
31711
31686
31672
31508
31681
31854
31854
