5566
5120
5421
5237
5514
5136
7278
5193
4986
4905
7673
4956
4959
4825
4976
4946
8854
10107
1423
1364
1259
1260
1229
1477
1629
1364
1583
1314
1332
1435
1321
1519
1615
1832
1583
1817
1637
1338
1395
1465
1272
1212
1310
1220
1221
1217
1217
1239
1261
1245
1493
1383
1347
2266
1260
1384
1212
1182
1504
1215
1189
1250
1206
1341
1214
2159
2415
1486
1250
1395
1240
1201
1185
1223
1332
1593
1181
1188
1471
1319
1225
1253
1447
1204
1224
1201
1230
1221
1242
1257
1370
1521
1209
1203
1180
1193
2542
1395
1254
14246
