11139290
10489735
10455604
10481636
10761306
10536191
11658705
11657064
11148034
11859141
11876664
11217840
11720197
11341141
11202687
10901947
11127378
10956757
10550608
10507633
10550276
10462619
10484581
10440414
10443918
10449240
10413148
10349852
10037429
10010700
9969681
9997750
9897804
9715400
9729799
9786416
9727677
9719687
9733563
9660192
9645335
9986652
10010631
10017069
10018310
9980533
10024970
10009447
9966769
9995152
10010439
10001029
9938556
10010693
10066000
10002556
9959058
10346515
9842001
9859046
9840184
9738728
10013532
10708137
10414441
10276209
10274748
10150900
9980012
10006688
9959664
10020137
10061385
10346826
10044715
10014360
10000547
9859079
9653081
9684935
9831593
9721217
9683576
9655578
9827322
9652657
9653881
9650707
9653237
9651931
9652327
9655044
9651373
9669219
9590664
9509669
9484422
9477987
9517890
9610543
