83444
57141
57153
56791
56776
57443
57001
56947
57021
57293
57259
57706
83968
56996
57100
57267
56919
56834
56936
57010
57070
57261
57490
57136
62930
57330
56892
56939
57012
56916
56770
56883
86532
59349
57056
56784
56792
56851
56980
56931
56917
56913
56923
57011
56976
57124
56743
56783
56791
77996
59645
56910
56952
56982
58012
56922
61849
57204
57960
57586
57717
57310
57334
56914
57370
74240
81341
94471
95418
97586
83761
103155
67089
59809
56919
56878
56927
56949
56795
56849
57176
56893
57000
57016
56834
57022
57087
57152
57713
57367
56868
56934
57497
57109
57074
56919
56992
57301
57320
57069
