256145353
265406086
266071990
243906803
247227093
242258254
242162367
241839391
233351147
241350983
229137793
234755479
231391160
235762060
231996150
231752370
231832106
229629218
231128681
232852294
235006214
262956021
226857612
237978484
229501950
236564380
231070904
231445047
230724406
227950811
233865581
232015515
232856578
234125991
230623032
231045003
232246477
234804896
246921514
233309066
231659274
233515800
237367764
270928277
264321470
265130234
267788336
265234108
252011615
245166692
267170528
294343496
239493771
235446295
232006516
231529057
229816299
228665221
229055044
250160347
231583935
231472478
235581300
225384245
233363755
237407598
236153023
234328609
227415302
230345711
253035608
247145864
236334740
231672919
231101085
234781856
226718320
231701557
235528510
230865327
230191522
231807803
232665910
231842769
232468232
235711626
231065385
260570906
230382328
232358366
231196424
271072892
264546023
232456468
247837561
270704742
267517148
273692142
267148979
250464818
