164702534
165644657
165666378
165605958
158478694
147601483
163783514
157949041
148667672
159801775
164195512
152052158
146019421
145762417
152898924
145361206
147016779
150475290
153583241
151465065
165953270
178796568
170270015
176364084
153640079
146926125
150884278
152763682
153496800
161866962
164195549
191314009
167309938
164088039
156047926
160612721
157102302
146533821
146159957
152297406
172054402
145578881
150623946
152588157
146018224
150723266
161958597
161670694
150192831
146601687
149360161
151296618
165585128
162933901
164839930
164342503
164732737
166110869
164093368
164117240
153801893
146119258
163709214
178511476
170372199
170568854
164670810
160403362
154436956
149286039
157731766
162681568
162913536
163913178
164655376
171580095
176158164
182876219
173857569
187785189
162158558
158588557
151254240
163343578
163685460
162699540
162238652
155165796
169372942
156172180
148797719
145684339
148516072
178718748
176540172
179047131
164566076
165153914
163567677
162036383
