38718
44536
43594
37144
38579
43199
69911
43285
43628
44281
41050
39836
38956
54200
39260
39510
39354
38474
38518
38591
51844
37160
37108
37354
37316
37174
37070
37973
40812
38505
37070
37152
37694
37136
37960
37235
41645
43079
37227
37696
37229
37121
37078
37163
39226
37107
40349
37275
37512
37303
37137
38505
37251
37081
37111
37097
37207
37060
37365
37324
37182
37442
37238
37244
37475
44149
37946
37304
38478
37075
37141
37166
38544
37922
38553
37194
39336
37827
37415
37220
37195
37113
37223
38544
37479
37343
37152
37227
37982
38281
37343
37114
37148
43279
37497
37463
37125
37191
37242
37292
