86868
50700
50520
50025
50555
50205
50448
50241
50821
50244
50640
50577
57752
50310
50914
50195
50315
49871
50018
50051
50220
50137
50154
50706
50186
50448
50400
50279
50042
49922
50156
50204
70363
50955
50247
49863
50125
49992
49986
50059
49908
49957
50173
49998
72376
49897
50084
49958
49970
54904
77339
50400
50341
50903
50902
50830
50637
50895
50297
51676
50863
50338
50241
50846
50075
70566
82052
85497
87383
87250
77740
72293
72416
73801
50033
50073
50338
49970
50070
49849
49992
50011
50706
50300
50568
50029
50021
50374
50903
50403
50218
50511
50149
50122
50129
50363
50003
50311
50254
50317
