214049428
219788657
237420966
227286130
220223725
218622110
244591125
214281474
212549701
213722213
231888149
213594863
211233042
213065949
212033889
232411080
211433955
211407755
213112038
211136639
211065662
223955290
214803499
211792064
231040366
211397214
211207498
211607952
216404125
211216163
212025113
213059044
211466409
222918477
219280102
212166936
218137818
211623356
213428965
211519933
211306507
211406651
216846537
211155564
248158319
212475058
216445484
211560408
213515345
212115936
212241226
225852912
210984559
213048826
211062960
298996133
211045055
212211637
211063105
211532224
241445035
215945395
212749485
215323894
212055627
211562888
224495344
211013170
214170305
239918214
211047246
212605190
211398773
218933960
215840418
214285125
211165774
242597233
234890638
243860214
218078064
243237739
244291922
250319845
234324564
227625710
271847106
262187324
236827332
265322209
247911760
236882114
226126862
219742399
245686763
223497359
219097735
219267346
222825578
249998574
