152220130
160726833
158688527
158439294
149936928
154970625
193794809
164878565
158326624
160157782
158904999
156444036
152312800
158361466
157999179
156198746
158989012
181101687
161213752
161106747
161758472
158400672
158473896
158202668
157760495
160916442
156667277
156377380
159020274
158889587
157107134
158087458
165867437
164862604
159093094
153066996
151400901
155807778
156482862
159718706
146105489
157719932
156259742
157334916
156310440
163911842
161529631
158109055
155756584
156716576
176710484
160545071
161601207
155800520
182176531
154250201
157579080
157092634
156230118
161452505
156053438
157982610
151425774
155844422
154865065
157424542
160916256
155858035
151808215
156964667
156805136
156618662
162030073
157853789
158565930
169502551
159686284
156220207
158503833
160409410
156154324
155414416
154715382
158290237
154909935
162279380
159867293
155186247
160368038
157227083
156838088
157202774
156186658
155940640
156428497
156699617
157315705
156665177
162033072
159475588
