6051114
6206653
6408281
5886049
5785121
5807945
5842179
5809857
5834989
5773987
5787144
5812844
5804921
5784305
9929139
5978322
5930105
5816492
5780701
5805473
5779969
5814007
5794923
5848341
5690368
5656655
5676914
5595265
5792447
6110690
5733666
5767735
5606875
5716643
5631840
5684535
5692196
5693124
5758421
5650889
5681340
5679838
6703040
5691955
6058645
5734392
5683432
5748065
5755961
5742283
5671923
5716881
5697837
5768004
5709911
5744067
6060776
5712505
5754150
5760216
5664833
5673480
5696789
5737066
5691741
5701710
5778128
5820340
5698618
5670683
5916859
5618412
5669986
5710511
5778509
5728469
5654324
5707924
5676436
5699922
5651722
7113527
5686551
5696269
5648024
5707764
5698767
5690292
5646527
5685754
5662746
5715264
5647463
5750962
5657499
5697642
5674694
5685759
5647957
5673248
