6242315
6272287
7048645
6324961
6286698
6350031
6546015
6471794
6502715
6641781
6647187
6760408
6799915
6773965
7300573
6840931
7125393
6768538
7103223
6768544
6732555
6936213
6082277
6324571
6282709
6291901
6663487
6392222
6285508
6786654
6373906
6629975
6369470
6293009
6728474
6282029
6453526
6146992
6034341
6290658
6038570
6014867
6357108
6019181
6149993
6180019
6028116
6292659
6034720
6008139
6329574
6014104
6033381
6353966
6009935
6249827
6066148
6009344
6295392
6039657
6095467
6394090
6039503
6138456
6246157
6027485
6378849
6049612
6036343
6343024
6058830
6065104
6345302
6039646
6144455
6319305
6025879
6351029
6047468
6027717
6343453
6036094
6095268
6306063
6028042
6327890
6056635
6019066
6345456
6020365
6072878
6370340
6031682
6256603
6126343
6018747
6294725
6041219
6052039
6391930
