9812368
10303140
10195743
10205070
9864282
10066862
10031653
9582904
9451232
9679888
9247571
9485472
9154049
9170109
9606239
10166905
10033896
11621551
9931123
10053618
10977704
10522959
10414683
10673980
10460045
10584760
10269134
9905599
10467965
10474004
10371062
10664369
10315584
10025048
10101633
10195115
10343747
10340107
10251546
10327119
10491004
10136643
10151128
9436014
10411598
10034675
10372248
10266810
10133923
10374778
10467146
10384593
10383917
9991066
9863238
9610179
10326657
10321419
10377568
10240013
10365246
10375826
10165553
10249429
10361446
10124303
10430056
10283012
10231879
10277923
10567700
10272394
9940366
10403859
10107914
10546073
10041573
10272041
10415580
9848491
10488336
10393807
9714620
10005219
9918176
10421353
10626821
10373380
10174929
10158958
10377941
10376730
9941210
10423431
10089311
9809820
9746135
10113957
9904520
9281486
