40582
40661
40812
40968
43082
42764
40586
40881
36572
39737
38751
40765
44841
41237
40757
37557
41059
40179
37992
36458
41286
40653
41028
36412
37888
36342
38515
37452
37696
36321
37399
39256
38876
39110
41326
37342
37664
36623
36568
36388
35798
41269
36637
38075
41056
37977
40691
39052
43981
36817
37809
36999
36153
41853
37864
36478
37036
36294
41070
39006
36467
43345
47204
41500
41482
43097
36525
42364
46060
41723
40522
40784
41759
42154
40907
40071
37566
44495
39209
38821
39038
40566
37519
37975
38878
36102
34921
37519
37821
39462
39211
36350
36079
36151
39377
41993
40511
40811
40649
40379
