293775
305243
298684
302291
284463
302522
305974
337291
298387
294528
290972
480355
517368
201543
140654
138090
127266
123719
121730
114305
144846
130321
134553
128986
129509
133559
125945
126600
170002
117586
100591
127100
130598
125746
131043
153918
134053
132744
126806
131148
131452
129224
132146
132184
136727
132897
130086
134351
136136
132182
120644
549493
202854
127002
351274
128940
137242
138269
129360
125172
127827
132052
123466
134172
138495
129769
119877
116006
133894
131938
131157
131609
138626
136428
135666
532080
339804
350808
348576
317996
301158
304786
314753
309324
311377
329732
311626
306688
316304
306448
312508
305869
300748
309843
311208
313951
287871
336289
33612
34801
