46612
33781
33619
33476
33438
33475
33667
33464
33822
33671
35051
33476
48386
33720
33607
33460
33462
33516
33529
33553
33939
33703
33588
33813
33736
34195
33478
33549
33719
33465
33491
39617
52840
53104
33617
33496
33497
33527
33566
33535
33504
33471
33492
33468
33551
33471
33487
33460
33467
50002
33893
33591
33535
33947
34162
33685
45621
33755
33609
34129
33596
33600
33595
33562
33551
44279
57606
58540
69363
59241
46071
50791
33673
33642
33695
33504
33523
33482
33506
33500
33481
33458
33491
33499
33516
33500
33696
33554
33771
33654
33476
33497
33466
33812
33789
33686
33577
33739
33590
33560
