538936
515817
506317
470314
462762
447215
514113
201901
137674
131643
114997
169465
203444
212832
178706
154046
138639
125612
126681
125349
130753
128115
131472
107843
134806
115733
130317
122098
129670
131986
134569
124403
528206
120008
126257
114195
120477
125464
130261
133752
116683
118376
124587
124563
118817
109744
121737
104979
116969
107789
126431
119729
122078
136627
183483
130369
106739
129552
133272
125739
129916
112780
114316
114729
156813
185672
179622
190529
175606
158997
156314
112885
115187
121621
109893
127692
685977
800698
663707
516460
444121
496420
538216
500339
490315
548962
476945
565051
522938
517682
706624
699716
53139
51600
57212
55829
56571
52567
50310
52833
