241365684
242023537
244987415
242593025
236257899
233756289
228124982
227604298
226571276
221371564
220381251
222323062
219685544
251746263
221008787
222082565
220954737
219041001
218757955
218792318
221979678
222618305
222614111
223285876
219340797
222701683
219980821
220582017
221834521
221372281
237796162
219586955
219316135
225735330
230254214
220387787
219648166
219497300
231669315
218886051
221604849
220850579
221341844
256583931
253272681
252315620
255582122
252509868
243420184
244086987
287952509
259969797
245069458
223828946
219859625
219688166
218721534
219557233
218937091
222532110
219603400
219329071
245249264
219550620
223540385
224817411
224336074
221578619
219214313
220331030
218517075
219825820
221375045
227767491
219233796
223805760
220919958
219463661
222659705
242403181
218450072
220324518
219833426
218950375
218871657
221543000
219286685
223099270
219990473
219214391
219346564
254613250
258472585
240397244
235488478
231723708
257235541
267604662
257827800
257785072
