9134
10087
8948
10390
9009
9023
8980
8756
9113
9084
8782
8687
9009
10357
9048
8781
8971
8901
8942
8864
8739
9018
9341
9284
9521
9411
8923
9076
8836
9435
8863
8781
8885
8754
8900
8727
8830
8723
9022
9100
8723
8743
8821
8722
8774
8913
8756
8734
8848
8730
8750
8725
8758
8711
8767
8871
8918
9157
9114
9089
9632
8925
8830
8720
8837
8756
8774
8715
8627
8842
8776
8742
8853
8826
8705
8808
8649
8721
8882
8755
8704
8645
8674
8655
8657
8633
8640
8697
8699
8667
8612
8728
10793
8661
8610
8759
8618
8631
8672
8598
