7960204
8076022
8029645
8115281
8106467
8090111
8033309
8074413
7987781
8056002
7920395
8008443
7977809
8001939
8072123
7996163
8014233
7948523
8022356
8000124
8023948
8025612
8030487
8002645
7996615
8064349
8052048
8046754
8077971
8053335
8013970
8072480
8072386
8098824
7947091
7935087
7913736
7993466
8040107
8150248
7947552
7938483
7962238
7936625
7954062
8044236
8002407
8009288
8038874
7927694
7940002
7937665
7985827
7959771
8041075
7984030
7965935
8098704
8086824
8016199
8088919
8036754
8013792
8015791
7998276
7986021
7980021
7999220
8001221
8007474
7984988
8020043
8014299
8018981
8058295
8001170
8011596
8056280
8026282
7996035
7984500
7952867
7977625
7982266
8012543
8037025
8000401
8021228
7986096
8056774
7944048
7989306
7987174
8261343
7942559
8244776
7992413
7973830
7958092
7942329
