10200109
10246054
9985832
12521376
9564676
9600940
9543000
9542531
9579620
9535924
9579298
9530295
9524756
9560610
9517374
13108039
9619953
9549011
9554507
9532339
9547447
9542490
9528170
9582171
9752757
9544413
9592027
9499720
9546227
10267040
9616655
9672240
9512513
9581576
9555282
9586675
9589416
9576617
9549444
9558203
9564592
9609470
9597812
9570239
9611037
9724542
9640028
9538178
9545761
10021881
9638998
9627421
9615426
9644672
9564077
9661188
9570538
9670796
9618368
9688081
9562982
9538439
9603224
9651286
9541595
9561849
9859247
10011066
9656965
9548325
9802009
9513417
9558429
9605071
10060393
9590958
9501174
9578049
9604049
9771563
9557210
9597929
12294849
9568225
9551806
9567206
9641063
9577690
9576749
9613371
9571117
9582046
9579984
9591776
9665288
9627437
9586656
9540977
9590941
9571353
