247575137
247019289
271014609
254542247
250316215
247084566
252358489
256783070
253830596
254836814
257618023
284526605
257791680
258114167
269776511
260815256
261104842
261691232
262697645
263638095
261885844
240996717
243913348
235694019
239316496
230920987
252682359
236105891
231455478
243466094
259224353
274646286
270390786
236901859
230509190
257778588
253574715
238055929
235080120
235744824
235124169
233778413
242158990
254553134
243979648
244204256
248860790
252011538
234242563
234174739
234292889
239052051
237457333
239440990
239828646
241526184
244706148
248153909
239876485
227273656
228538320
228584373
227166416
228288393
226496162
227264608
229140745
231490448
250355713
229439471
229277031
226944484
226148652
227907356
230274010
226489882
226096809
227732195
228708677
233372404
227251113
226183219
226515526
227492205
226048830
226321052
226316926
227615136
227190091
238319868
246582295
227632458
227546849
225765597
230280378
227298638
228382966
226818945
226156472
226602642
