8643927450
8609871307
8635684663
8691799868
8577943282
8360223892
8413659916
8568930876
8718401941
8538836160
8446720093
8461343424
8639554391
8425015593
8618332614
8525952007
8607327395
8298487675
8433343470
8377840655
8371833705
8274290692
8540790274
8228578193
8619739342
8544531812
8470026214
8599513638
8422448378
8468802517
8361041907
8418717188
8519218417
8574932472
8354896375
8601166589
8366082722
8486095003
8442910085
8398066922
8421590985
8542405418
8543121261
8395923776
8583682723
8323628019
8356832369
8368876562
8324339788
8530104096
8428154116
8351320698
8635888890
8231703765
8393520755
8541130647
8574843803
8350410283
8356619114
8605211345
8611351097
8409433858
8417707564
8393211966
8418849358
8589137495
8556849096
8578104354
8298462006
8316901911
8289848796
8389696182
8525882089
8757830355
8600173748
8625157514
8841690018
8895637896
8719508268
8630266817
8658507580
8728830730
8900153456
8682608922
8889028321
8770306977
8905411209
8574542507
8748223978
8630678634
8804555123
8748329145
8811692192
8714817028
8602552322
8662811877
8909843013
8726152858
8626665949
9775953446
