7306
7404
7293
7263
8164
7304
7253
7304
7370
7241
7328
7266
7370
7285
8368
7348
7230
7737
7129
7296
7162
7171
7247
7137
21637
7573
7212
7371
7370
7150
7233
7260
7184
7408
7191
6413
7359
7353
7115
7228
7370
7244
7233
7295
7179
6725
7294
7221
7254
7315
7230
7184
7201
7198
7171
7624
7242
7160
7225
7293
9878
4331
3884
3795
3687
3767
3731
3655
3679
3694
3652
3635
3737
3701
3652
3667
3710
3669
3657
3750
3700
3657
3746
3694
3648
3662
3746
3715
4047
3675
3656
3643
16879
6125
5165
3702
4404
3690
3644
3639
