7351
7203
7158
7149
7133
8052
7256
7280
7083
7093
7031
7047
7021
7187
7017
7880
7159
7157
7057
7092
7205
7024
7087
7208
7208
8469
7036
7159
7333
7076
7072
7097
7058
7209
7059
7216
8512
7184
7068
7139
7080
7134
7206
7182
7106
7172
8241
7229
7303
7087
7121
7070
7068
7097
7153
7216
8019
7089
7229
7165
7112
7048
7157
7177
7092
7028
7188
8003
7466
7204
7130
7210
7951
7145
7034
7052
7338
8437
7128
7152
7051
7277
7122
7070
7061
7172
7262
8064
7111
7153
7147
7251
7220
7168
7046
7053
7223
10438
13114
10074
