6340858
6406189
5400818
7764188
6723551
6449557
5021299
5812695
5102283
7757596
7844872
6008795
5428870
5752992
5156129
5735742
7485427
5292112
5507541
5442442
5009079
5785086
5473515
6123475
5172343
5892592
5375889
6977723
5676036
7004221
5562872
8308273
5399667
6710624
5473563
6056835
5244177
5645866
6579865
5980484
5687260
7612005
6104946
6259339
5729766
5443645
5519170
5645984
5276096
5767477
5168720
6600976
5773061
5392103
5788122
6743374
5613552
6606044
5379700
5705409
5175123
6102440
6094512
5859418
5221290
5655332
5294075
5681653
5262548
5622746
5124767
7184923
5595946
6413840
7011426
5390617
5035137
5696773
5150763
6362388
6022459
5988747
5810446
6599251
6164519
6139792
5474751
5742310
6347095
5610084
6316524
5658281
5020205
5385519
5463647
6251353
5708379
5800941
5440590
6866670
