4939
5399
4458
5312
3236
3018
2916
2795
3053
2851
2859
4454
3079
2904
2791
3117
3052
2933
2812
2810
2832
2818
2792
2824
2814
2816
2804
2877
2817
2822
2831
2765
2860
2771
2876
2789
2827
2784
2867
3055
2904
2943
2851
2773
2937
3014
3054
3229
2928
4417
4835
4773
4969
3031
2959
2914
3333
2777
2811
2956
2752
2826
2922
2842
3013
2867
3063
2766
2726
2794
2720
2804
2785
2727
2720
2736
2757
2734
2769
2747
2718
2753
2699
2757
2747
2725
2706
2778
3095
2866
2751
2986
2840
2841
2826
2750
2796
2853
4782
4768
