266982
264254
263693
265159
264071
262744
268906
300527
264803
265644
264458
266072
282683
267319
264810
272472
278942
265954
267887
263838
267677
263286
268353
264218
266587
264195
266624
264941
275653
264176
264623
268520
267893
266991
263615
264364
266729
268921
273911
278400
267187
282318
269660
265223
266558
279313
265109
262260
274531
262691
266307
264264
264553
263481
267369
267522
283223
260577
277400
266807
274971
262429
268717
263555
269722
270716
267360
262814
265290
264683
267325
262974
276556
262794
266104
262003
264358
263774
269989
269096
264280
265768
278258
264474
265273
264203
263957
262834
266639
264959
260914
264849
265904
283906
266384
274817
259802
254112
254704
252842
