26794783214
27537652663
28655455316
26783777310
25876872124
26916973023
26190561186
30100566887
24907870776
27381378335
24925280791
26626476783
27457153866
24846067046
24747080733
24740871359
26543691651
24832395137
24799801750
27520253559
24858736413
24814844632
24773133135
26926518760
24902113503
25616856045
26574082353
27012685723
27472191632
25955044987
24864633167
27590459377
24919620751
24812508354
25694211676
24849743083
24948564533
25541344456
26944429101
26364991014
27172585954
24967968984
26027561548
29143721473
26979220453
27181822757
26256940049
25578787462
27881472767
25838587955
25962442950
28037286690
28339098251
25514560579
25888069586
27510012588
25586419422
25525063293
26740448835
25532724637
25468886814
26683466370
25778278077
25525142090
27005422767
25569071156
25549882647
25614232521
25688586497
25471956185
25607195783
27881404306
25591812314
25506187988
25520134075
26445047163
26674218409
28266556833
27285160685
25651463693
26314304087
27409784612
28152771622
24820566197
24816738935
28261696073
26996525575
25027511597
26711490242
27945835148
25582631727
26382637739
27461552374
25389583245
24865845998
24773116740
24684319385
24901898256
26112512741
24839726899
