114427
114407
114392
114242
114310
114363
117352
114324
114454
114176
114130
114179
114510
114382
114473
114382
114151
114346
114311
114310
114082
114322
114331
114335
114391
114318
114329
114371
114302
114573
114329
114164
114329
114288
114385
114368
114446
114336
114265
114455
117143
114437
114338
114532
114497
114259
114310
114443
114227
114293
114178
114261
114262
114442
114216
114356
114358
114387
114187
114519
114433
114444
114313
114487
114209
114345
114490
114261
114391
114469
114115
114291
114422
114483
118304
114195
114576
114210
114573
114359
114425
114389
114253
114306
114272
114302
114433
114289
114462
114369
114240
114609
114171
114198
114656
114279
141942
114296
113821
113826
