14134
3669
2980
3362
2940
3259
2893
4922
4883
5216
5163
4251
2975
2916
2821
2893
2728
2812
2819
2988
2857
2731
2845
2907
3083
2826
2897
2758
2923
2838
2924
3025
2809
2738
2769
2726
2718
2756
2750
2750
2750
2776
2819
2753
2712
2754
2726
2707
3162
2917
2861
3211
2897
4693
6698
3077
2733
4351
4922
4690
4245
3336
3026
4639
2770
2845
2766
2809
2742
2779
2759
2791
2789
2759
2845
2875
2877
2733
2748
2741
2850
2721
2734
2718
2836
2757
2775
2737
2799
2840
2804
2806
2802
2759
2748
2784
2758
3177
2829
2758
