135156105
129748550
131545931
150915515
137199862
130110076
130542645
131377510
129560377
128912457
132944779
132497478
134939711
129834181
127503047
128772863
129036979
126166632
127346271
133878433
133578943
130299993
121704345
126723897
124596206
123140219
120721920
119722332
120246875
122463028
118720248
115870059
118534422
114806090
122195398
142525601
123576587
118107650
118218548
119721490
119091294
115942648
115993341
113654730
116223256
119587355
116231293
122431549
115789041
116644423
116250277
115525828
115604840
114252874
117194933
116305333
113153774
112155004
116469065
114123062
114347207
113423571
112138296
115576974
111327023
114178779
111968810
113873558
113854989
111967428
115340993
111892937
115434100
122065604
112076336
113472701
114154994
127621174
131692180
116977967
119107932
116635339
116489160
115883097
111954107
114001706
112658633
110443195
113319450
115606663
115184773
112557067
110860713
112799990
115497804
112436888
112281726
112476839
113110514
112387113
