27417838296
32505533598
31056041125
33827545222
31288634651
31992015132
30890639390
32969386187
28789098705
32312622619
29650864785
29394678229
27067992098
30902224487
25442752021
28467393820
27338814484
29272475567
25668844473
28727356441
25001589029
30746317218
28660491892
31169426022
29204834781
30325962013
27560108746
30844812085
27428502536
31096778707
28901423482
31184288542
30141542917
29722297766
27153530341
31854740489
28326341455
30125909699
28402499497
31212518027
29052462667
31334708147
28279769180
31336989560
26803782873
29236201629
27390332891
29877697909
28817396690
30839603913
26786171127
31091712501
28657988454
29151993756
27126255440
31284404952
29039291180
32039576953
27396092675
29268076820
26455543200
31593368568
27674032441
29223289970
26050532137
28358285758
26183731114
28386849852
26069318878
28358342297
26111318830
30206898830
30094868293
32496527640
27689504524
28097581926
25354146068
27774390435
27456350725
29998191359
27656325580
32144717206
28961706341
31994705957
29797030849
34053218360
28518828533
31175274586
28627293914
30986756386
27110285753
29294533207
26441174003
30032883924
27810340583
30023835592
29035848275
29869813938
27479469171
31414055260
