141923498
131580043
133491130
133599830
132244028
134336776
131702992
131567568
130517459
129747763
130213897
131786614
130958646
130926705
132116738
132504675
131182035
132301005
133654314
134142236
130650253
130649278
129130693
130847216
129073166
131711862
134429554
136787098
130514984
132066213
131416775
131272948
130588317
131163616
131515910
132498140
132309834
131441743
158385187
146188890
148621118
138469807
154868487
158488908
136663931
136075382
130116640
131681302
130458010
130467307
130217728
130451931
134574273
138137686
130414975
129498441
129102921
131571501
132115770
130166782
130594917
129842724
131143658
127881738
127766776
129917993
130352916
128643021
129353856
127082569
127950589
130371059
134955789
127143979
128545944
130728783
125416450
128291658
127799832
129647930
126645209
131667962
133872524
131471378
141157196
131784139
128487059
129830539
130757369
129634754
128864884
130502090
130861767
130971727
129287219
130998025
132835034
130103638
130291269
128811768
