122202
122772
127265
127917
122778
125400
125617
129174
118614
118378
118703
115088
116080
113941
118999
120653
112917
112663
117237
112785
114312
114724
112827
114119
114061
117534
124166
122790
141650
128576
129726
129539
132868
143260
144444
129095
130095
128330
130046
134697
135483
136789
140903
149985
137755
126253
127165
127069
122420
127433
127186
128061
125369
126808
129156
203087
132626
140944
118011
122608
128725
152379
127452
155088
122126
149661
121695
127212
129135
125532
126216
125917
125726
121825
125406
123616
128764
128150
130372
137706
131743
129181
125762
128061
126063
124979
128237
125167
127559
126935
132881
138210
128301
128251
129696
127735
127241
127091
129609
129259
