474984
482920
486725
467087
464681
466305
471483
475840
466200
473967
464443
368300
338622
334997
334744
334229
336582
335364
334715
335330
334741
333591
335296
341926
336948
336719
336908
336814
335894
335606
336653
337442
336325
340047
341608
341131
334477
334262
334224
334698
334692
335202
334294
334800
334894
335167
335984
343104
340236
341282
341200
444299
501303
495301
498162
494859
498864
501041
493121
496028
496773
498561
497891
497602
498999
499740
506193
503733
497108
508785
505912
505007
435133
338961
339736
340226
338764
336982
336614
336693
337596
340614
334488
334365
343264
337012
336203
336550
335414
337072
337386
337203
336311
337756
337956
351736
340257
338387
342351
342816
