8101433
292376
240978
246812
240033
248030
241629
349783
387954
393255
344091
291040
239211
239317
238478
241056
239551
240716
240433
239209
241849
238836
240218
242352
250008
237799
239740
238344
241484
239517
249308
246873
242488
237762
239061
243102
236440
237209
237649
237132
244962
238703
251684
236949
236300
236943
235128
238843
340856
237772
243158
249263
243820
250566
311028
257548
239165
310652
383267
392325
360250
371629
275074
238284
236745
238269
235331
239806
236142
236799
241080
239924
239530
238492
238797
238368
252384
238532
236587
236516
238032
236713
236956
235984
247402
241332
238182
236924
238071
246020
237547
236816
241655
238685
235226
239338
236874
339874
237247
237515
