114199
114121
113941
114171
114229
114078
114144
114162
114128
114192
114253
113838
114170
114241
114134
114114
114074
114061
114108
114105
114087
114106
114056
113936
116907
114056
114167
114171
114236
114195
114255
113901
114215
114170
114122
114124
114074
114072
114185
114126
114061
114232
113946
114657
114227
114156
114184
114219
114177
114140
114057
114122
114241
113962
114063
114154
114282
114183
117331
114247
114217
114213
114208
114191
114012
114115
113997
114016
114236
113991
114118
114011
113876
114075
114457
113996
114054
113936
114087
114295
114135
114118
114032
114142
114021
114192
114181
114158
114129
113916
114037
114085
114024
116259
114247
114113
114249
114202
114146
114232
