5240391
5426584
5768500
5411045
5264941
5467571
5076439
5363997
4960997
5542155
5028921
5159516
5404914
4994690
4986619
5014216
5308593
4942255
5028031
5523527
5504162
4915314
4972755
5433815
5074139
5172780
5097910
5348956
5543395
5084965
4880398
5865171
5011368
4872062
5089602
5130997
5054318
5014914
5403704
5196347
5469578
5012839
4997275
5440497
5197726
5161783
5251614
5036561
5585497
4927264
5182200
5613142
5683688
5089414
5225997
5433784
5028324
5025040
5275548
5093930
5094408
5373611
5022694
5025145
5475006
5031311
5098006
5121259
5015823
4963332
5216251
5518290
5201452
5180265
4943564
5222560
5270312
5505721
5424275
5102659
5334204
5443017
5613854
4882841
4998481
5379266
5373555
4932036
5217078
5635096
5143661
5349235
5603806
5023139
4924968
4924639
5008499
4843328
5242819
4960406
