132085
131717
143953
130637
135532
132666
129683
132322
131414
130468
131136
132661
130384
131351
131197
131478
131446
131459
132584
129839
132046
132201
129628
131296
129762
132072
141614
133001
131093
133195
131707
131478
130767
130658
153448
136875
132407
169371
138025
140847
137239
132383
506468
135821
136207
131440
132161
131301
130974
133624
131245
130977
132201
132219
135361
130745
129969
133658
132177
132659
132645
131421
127897
130360
129893
130850
131816
132106
130719
129456
125622
131389
132803
125306
134816
134152
124950
131995
132302
127942
167301
132304
131616
135935
153636
132512
129219
131022
131697
131300
129693
130933
131637
132289
130422
133236
135387
131436
131856
130190
