8870
3352
3013
3067
2885
2818
2779
4225
5012
3411
3251
2957
2844
2892
2791
2822
2728
2898
2850
2775
2810
2881
2865
2782
2757
2888
2819
2855
2794
2822
2828
2750
2753
2771
2739
2792
2748
2740
2808
2714
2773
3061
2726
2742
2874
2815
2867
3342
3358
3273
3056
2972
2762
2740
3938
2877
2689
2881
2767
2641
2743
2808
2705
2671
2775
2709
2704
2669
2687
2681
2677
2745
2695
2672
2687
2745
5084
5100
5224
4965
3109
2751
2724
2870
2838
2831
2874
2725
2977
2767
2902
2759
3008
2880
5088
2874
4397
4797
5064
3679
