136607210
128361999
127022086
133994542
130492737
121954803
131449996
130856012
136144719
125038841
124333748
128546757
123131006
123876797
123139647
122224230
122399594
122382796
124453574
123780641
123526567
121609198
122092953
120274959
122646419
129680028
127080302
121586263
118752937
120734245
119824611
119062251
120153231
120443539
124180406
119778502
121170431
119779409
120910493
120728814
120379364
123019506
137486330
119163298
120149215
121072673
120378223
121758228
118385615
119293428
120930801
119413245
121409841
119013167
118741248
118611619
119648155
118838053
118623942
143828360
118184458
125634664
118383840
119533101
118614104
118944630
119136735
122231674
122399637
118451111
121910055
118546633
119441720
120968909
122246847
121222439
130434304
122104270
121327503
117837056
121613275
119105690
123088944
119378917
122368635
121450072
123085478
119290496
119643729
122424775
121391294
120384940
119070865
124933348
122928531
118866575
118595410
118885016
118782560
120278291
