276269
261717
263936
259876
261408
259917
361708
287606
261179
264147
260007
262904
272835
262809
261568
263222
284003
259851
266256
261356
264076
269617
264410
278232
260896
265045
262199
261462
258875
261734
265992
264381
263033
260893
269439
260682
263839
263652
265625
263230
262103
263378
263650
264408
264329
260662
261329
263091
260084
259716
263792
262474
266631
271702
261743
260495
261821
263241
262776
261026
269164
281762
263089
312037
262586
262039
278675
260628
262350
259587
268656
258273
263948
259989
259152
260688
260825
272789
261758
261572
261861
260249
267270
260343
259273
259565
261484
259553
272524
261890
259298
261167
262241
267327
263239
258341
252483
250506
250529
262972
