45889085
48802933
48396634
52362815
46945740
47347844
49729876
57093293
48852542
47558090
47656534
47576709
46825990
47479003
47750144
46988459
45693569
47700950
47149150
47405890
47134355
48026536
46921054
47143532
53363835
45898372
47284549
45416320
47509576
46417501
45789805
45717161
46381894
45989310
46434585
47853716
47600478
46263061
46248510
46176935
46430045
53627076
46915495
45630075
49694405
45742984
46106470
45760447
45336427
46092725
45647118
45870843
45709523
49389638
45782119
47142992
45716959
46110485
47080572
45292694
47921839
46053795
46346033
45853273
46148242
46350825
45461678
48252572
45519399
47631792
45869547
46521547
46494970
46731792
45718122
45536120
48444902
46037871
46232420
45409123
45784616
46934328
45862704
46024522
45864843
47057608
46251414
47304412
45528054
46836776
46783726
45808923
46344664
53330726
47072995
46430126
45909696
45360761
46573494
46230404
