337205
389085
392587
350114
326701
257215
241087
236419
262824
237896
235065
311819
250828
242624
240155
276193
246155
236504
237229
240735
238207
238362
237072
237051
235914
237478
238300
236438
237705
238508
238456
234488
239398
237006
238608
237534
239812
236307
239017
317341
236765
249406
239589
236364
240137
244815
241900
239245
238188
326844
390048
390672
365797
299933
251901
241389
241789
235831
239106
239727
241989
236134
243491
249785
238558
239900
237141
238486
239184
241926
234844
239187
236930
234831
236530
236201
259786
237929
237481
236352
237322
235935
241515
235943
236366
235668
238224
236862
348763
236396
237992
247428
238941
241687
240883
238172
241128
238340
333515
387277
