27206347781
26267894436
26444812045
26800011572
26481731323
27622007222
26516917932
27262807373
26736686932
27255091759
28025702048
26660770004
26517877174
27628767363
26566241755
26463261307
26655158449
27576742401
26401248712
25835961430
26584284681
26406105609
27663057786
26199984840
26635592158
26163525651
26073847216
26806501040
27433432966
26361412461
26866423558
26941473661
26365817621
26344677103
26859393253
26386847021
26373635730
27024802685
26153149701
26020514016
26288358769
26172603526
26302643826
26983534108
26346187091
26453981579
26575214068
29426932848
26056166128
26171146587
26146303961
26059031745
27981094450
26553462149
25946561996
26014560175
26088018467
27365119740
26849371388
26592828153
26744855226
26845460358
27446124274
27270146866
26813895237
26442880893
26475325289
26278926350
26437881962
27248345991
26097594250
25781857712
28532822373
28765330376
27514521043
28534731872
27240056751
27324192201
27234525472
27749142247
28839491863
27690331436
28922573287
27697628376
27376264382
28897391123
27310870168
27681570470
28000993497
26842311760
27141525168
27020939367
26950050225
27117216832
28734889594
28231713598
27449715384
27391699140
27281349770
27302687305
