4633
5095
4670
5166
3208
3043
2892
2862
2842
2958
2806
4287
3136
2887
2721
2983
2857
2789
2773
2751
2758
2729
2727
2694
2714
2704
2742
2732
2733
2814
2785
2758
2717
2710
2783
2734
2735
2728
2841
3089
2782
2749
2779
2723
2907
2936
2835
2896
2749
4161
4693
4515
5440
3049
2995
2869
2749
2705
2878
2773
2796
2841
2854
2846
2999
2894
2741
2762
3062
2836
2663
2692
2739
2721
2707
2708
2763
2668
2711
2748
2709
2729
2680
2722
2705
2793
2682
2754
3149
2813
2802
2799
2805
2729
2732
2789
2735
2778
4747
4623
