316270116
330759192
314607253
257078019
226229162
240474794
238904395
241369711
247230660
370954961
304348789
284084578
229828125
220905748
233453963
222433731
214252782
224224116
226033821
220178862
222662190
276310957
274798508
236621486
238250370
326003693
282585712
245052448
229943863
237067286
225116581
270518071
390001550
378697155
337655409
300164708
325732349
305942105
366274469
317774112
234137947
257743867
237625975
259311645
260851407
317459339
316067373
286738218
248201571
281908966
364807112
302167508
227961355
226197432
214410624
263868230
323280891
290556548
231278718
214142560
256371938
298460439
316414179
321189448
388855966
296012228
220042265
228116525
325446057
253327528
238133063
232354660
225517518
285173457
322008039
305099448
244138398
289339294
328509978
337399932
313795793
227260577
300364484
249892627
255040265
211038931
259474547
318045777
231122628
233593318
218291158
288281649
304039216
361749346
306325195
225400046
223882131
219909415
213416922
213010248
