121432253
137877488
127190005
134043747
135735016
128386735
130503444
133715802
126179562
128915776
123703224
124427352
123123004
123304098
123569558
122019947
121888759
124274848
122949391
122704402
122716898
120815291
122149926
121011015
137606446
120200218
126061162
119031393
121044378
121945287
122453623
119267767
123569347
119391443
121226187
119773132
121695983
121173286
121079625
126000704
119317367
127248107
121342734
118080517
121413117
119601711
121094916
119789881
121667308
119453792
121420458
120170296
119637399
119453904
117897433
122507392
119662444
125829477
118464426
135671171
117809620
120048066
119883857
120238693
128396941
119699778
120629799
127781624
119589944
122051926
119256057
121403482
117847156
122666854
119616514
120211299
138010775
120109981
126733963
118217966
123250558
121050695
122563326
119949113
121726056
122458560
123749290
122596362
119990948
123260670
122132405
120936736
121487525
140236909
122176589
119331915
121644026
118403222
120755867
122092834
