5293712
5556133
5438647
5630498
5230676
5575248
5227404
5702095
5960719
5704957
5946964
5601337
5742277
5321441
5816197
5025779
5461280
5383116
5772768
5331731
6098393
5463882
5454794
5291288
5638889
5839591
5459055
5227319
5117648
5137900
5697906
5272076
5258968
5181403
5293794
5211930
5317179
5319009
5564648
5177115
5387988
5762129
5321233
5654680
5411716
5233338
5505421
5465605
5084448
5390497
5685332
5513174
5184230
5299636
5822811
5343206
5781424
5490869
5075209
5244707
5692539
5734122
5507643
5730424
5248800
5806592
5176124
5410240
5703106
5715069
5269282
4955275
4960858
5145758
5801448
4953337
4845606
4961035
4884107
4975940
5442753
4865056
5038018
5209924
5247728
5124388
5462916
5164024
5452712
5527384
5686157
5643642
5201717
5242421
5074882
5699792
5081776
5149230
5357400
5248196
