9117
10203
9089
14330
9118
8697
8940
8621
9388
8769
8526
8514
15812
8732
8873
8597
15749
8693
8738
8696
14479
8774
9139
8631
9235
16027
16052
15287
8620
8599
8567
8555
8884
8633
8753
8868
8685
8664
8691
8707
9114
9121
9093
8660
8851
9211
8567
8600
8666
8926
8600
13670
9491
9436
9532
9394
9886
9348
9116
8781
8695
8598
8597
8717
8872
8744
9027
8854
9019
8710
8742
8653
8793
9215
8977
8830
8736
8992
8753
8623
9166
8609
8997
8781
9014
8618
8767
8528
8576
8757
9036
8660
13533
8794
8838
8823
8799
8698
8663
8807
