9304
9169
9275
15662
9342
9273
9130
8650
9234
8687
8631
8684
15926
9085
9088
8850
15647
9238
8867
8951
15853
9051
8688
8741
8989
15457
16228
14838
9062
8752
8684
8807
8777
8825
8940
8916
8707
8873
8911
8931
9308
9098
9192
8881
9696
8987
8797
8742
8935
8699
8732
13560
9791
9273
9756
9606
9984
9309
9322
8867
8767
8815
8936
8783
9206
8714
9281
8862
8811
8735
8869
8877
9415
8835
8979
8829
8925
8868
8872
8860
8911
8699
8840
9474
8747
8750
8831
8658
8627
8956
8891
8780
10897
8964
8868
8825
8954
8821
8993
8899
