524721
624151
585210
692779
662548
521739
375484
128067
127724
125411
128697
126479
144805
128068
119504
131271
126902
124136
126236
121419
133029
126758
198167
197571
173632
182302
131931
131061
131127
142000
143489
131762
134368
129572
125670
130598
129381
130807
120574
50834
56859
50975
52125
50185
53585
53059
52865
51804
53134
46384
53597
55834
53890
50724
55721
49371
51672
56451
52231
54850
54808
52572
52980
51489
49617
50002
55326
54064
51596
50497
51179
50984
53325
53649
55026
51282
51186
51551
51832
54575
51756
46994
49423
52073
52993
53695
55695
50287
55386
56505
56334
54852
51700
50274
49974
53317
49406
53145
47947
52055
