34020
33213
33167
33258
33133
33186
33179
33246
33295
33233
33770
48409
36846
49246
53907
57056
58937
59753
58722
60610
61126
60448
60508
61593
52948
51527
52388
56055
61916
60636
51264
33244
33201
47750
47084
50477
56381
49784
33196
33154
33194
33164
33238
33248
33167
33127
33266
33120
33139
33118
33206
33280
33158
33393
53445
33194
33184
33186
33272
33246
33172
33125
33169
33134
33127
33121
33234
33221
33163
33165
33165
33217
33159
33162
33264
33171
33233
33138
33227
33162
33175
33127
33186
33231
33181
33279
33133
33142
33134
33201
33228
33124
33173
33169
33174
33245
33132
33194
33177
33224
