183163772
172513361
184974479
188082844
182310755
199220238
200752122
195318988
198087850
196375234
199642328
198327564
197116276
195095340
196226772
192301406
188645633
191163542
183583180
177848064
182812559
176086633
176907667
179829645
176885480
178278529
176244865
176045628
178286102
176143587
176121206
178040338
180210956
176017414
177509293
175812700
176166755
177468066
171101068
195239136
179350837
170995436
173663470
172538403
170262074
174136180
172232677
174341982
174088533
170226501
170829702
173692767
170638044
171707515
172380768
170214860
170203973
173607731
171239021
178849964
173214905
170205354
172252155
171556728
172151352
173025878
170868652
173574139
196214844
171739389
173572477
173161829
173820024
170055248
173832289
170335534
171363481
173842165
170007624
170235577
172772592
170964844
171768788
172113084
171430368
171982076
171590286
170573320
174223367
170589699
170365326
173792945
175253520
171709101
174254586
170804650
179045244
193185955
172903984
171823317
