235451625
229086571
237124109
258141097
259738480
255129922
267482761
261700966
250677296
251759827
299524325
260286763
237139903
231821879
229640761
222659441
223097774
225569276
249929287
229756610
228574458
221121313
222979064
226512128
230282785
225741295
228755177
231601587
224559876
221928350
223210259
228717642
228424913
228870450
222255510
233498770
226141039
229109936
229198080
225860348
227344612
224499593
223956231
229558465
245137410
223879961
225701792
227242291
225796625
225965374
230731406
225018036
226378548
226035426
227083296
229660731
228884509
224670874
226727106
226232520
223032113
254127846
228799953
225334785
226296715
226053736
226530230
235042892
241723538
233413766
226288197
231407968
233859322
233200693
228708389
224442344
223666840
225409819
254147288
228217454
229157821
226786802
223603780
223864491
237169397
226690257
223865881
223623448
223681424
226198608
230272507
229624776
224565981
227265238
257274883
258914998
254409924
228979533
224756291
223558189
