6207119
6070359
6194152
6084866
6162184
6140865
6095403
6135297
5910589
5921437
6017475
5896633
6104465
5852592
5828161
5866043
5826931
5856031
5912201
5845581
5856926
5851776
5864342
5859299
7303149
5881467
5975772
5916732
5868482
6182042
5929597
5868310
5857693
5880551
5900484
5877649
6144598
5868887
5868647
6558008
6149337
5859453
5842181
11137343
8436298
5883089
7307238
7261957
5890583
5885014
5840559
14572419
5856328
6537008
5863221
5861435
5887815
5912197
5962508
5931589
5981824
5942345
6831722
5888654
5886832
5860165
5883757
5855420
5848046
5879764
5884249
5878017
5849258
5875294
5856046
5868641
5854727
5890534
5849279
5854465
5884508
6695237
5839412
5861918
5851398
5849665
5687054
5892716
5856500
5855553
5874163
5863289
5844234
5782067
5870412
5878050
5874960
5860002
5931956
5976520
