8246651
8242185
8659169
8101745
8866300
8017692
8275996
7981076
13101350
7860174
7829753
7843313
13724148
8718871
7999765
7886155
13696700
9988509
7877459
7899522
13708636
8575374
7868870
7860344
7906039
13631944
14010376
13748168
8675993
7855683
7849939
7856319
7847043
7833949
7951629
7853137
7847877
7836469
7882398
7939316
8227203
7903771
10978581
7891733
9491350
7889116
7899576
7840482
7939099
7858932
7850106
11634390
8448569
8336989
8280501
8526126
8406681
8332241
8277910
8057819
7900885
7939606
7892360
7861428
7928008
7875093
7899217
7916978
7901409
7904209
7879780
7917831
7882287
7903344
7920690
7893908
7884497
7931427
7871262
7900721
7892777
7876786
7907056
7883807
7886895
7888782
7888982
7875014
7857187
7994530
7900523
7897896
7883437
7889226
7892797
7897842
7878860
7896942
7890575
7911247
