10757250
10508026
10463113
10509311
10658972
10548565
10484739
10573465
10325317
10165568
10572700
10295229
10535711
10057777
10110550
10081624
10050604
10008180
10068824
10063897
10036105
10566504
10074635
10087668
10108808
10147304
10334664
10180190
10122797
10197239
10499835
10098645
10067238
10074206
10128038
10167021
10109927
10125599
10258576
10504404
10419078
10125196
10674243
15533399
10132448
12482226
13412357
11085242
10112603
10102019
10233565
15712038
10105242
10188470
10116873
10140374
10038060
17207286
10363753
10229089
10460001
10068759
10113587
10260888
10069556
10113214
10043890
10076656
10080234
10091376
10151175
10130884
10107230
9859162
10138580
10113987
10098827
10082647
10065765
10043949
10376570
10102865
10152086
10069282
10086365
10101534
9991876
10096077
10046885
10659318
10084184
10132231
10084146
10086300
9964620
10078232
10094723
10718049
10077264
10435849
