368977
147781
94490
90527
91209
89130
109226
87158
91690
94736
86743
87514
85917
93358
92353
85641
92224
82239
87442
85605
83956
80971
80047
86170
90209
138397
83016
87401
92448
87939
90313
85207
130608
142083
131635
217644
84055
140900
88986
137731
82455
138238
103692
137622
94363
139415
89152
63228
50314
54473
50483
50335
48616
53297
51755
49092
53659
64212
52822
52394
53235
51787
51902
52734
52148
48281
51864
53070
53150
51792
53653
53490
52025
50817
49499
48963
57142
70489
51978
52026
50313
54166
55085
52760
53840
51041
54222
54503
52520
51014
51073
67803
79539
84454
80678
53550
82221
64686
58594
52592
