2534283
195656
275249
144677
135793
153226
166675
138412
143476
139072
137689
141347
172140
141139
141254
136890
138942
135414
142080
133437
134675
136038
138999
184843
179202
181276
200234
182946
189282
200500
194381
181795
220338
306452
334662
283902
228155
191299
195356
188041
181290
183411
184044
186990
184588
188049
93728
79478
80736
82853
80563
79222
84883
82165
80463
78698
81424
79518
82298
81760
81165
80474
81680
80882
81266
80881
81071
80539
81723
80985
81976
81068
80287
79933
78878
78240
81295
110103
79862
80957
80418
81266
81932
80721
82455
80194
82223
81870
82735
81066
81045
104979
124424
122559
129179
131819
110963
128532
82118
80358
