5844077
6733454
5777094
5787284
5821720
6281481
5823433
5833549
5807654
5823120
5768270
5848874
5733263
5861619
5811730
5867655
8895846
5874115
5695940
5754736
5797397
6208202
5802553
5826318
5790492
5736237
5810881
5828313
5802151
5817398
5814060
5674991
5846444
5774916
5787581
5843703
5815238
5823170
5805264
5731003
5795841
5787077
5750667
5765080
5765239
5805052
5801290
5785727
5809468
5705199
5800481
5840315
5742906
5817394
5753802
5785324
5769589
6034068
5834164
5813815
5809958
5836182
5825467
5787665
5812420
5845784
5754242
5827530
5849012
5725397
5775445
5771736
5849850
5735949
5838652
5793852
5759871
5810201
5816757
5820352
5731144
5800481
5805986
5777182
5754254
5729682
5815810
5732698
5786790
5779259
5784286
5872956
5666990
5845053
5753397
5763151
5789173
5715789
5688359
5747359
