12992079
10168178
10470430
9485339
10015717
10194291
9986343
9801021
9802034
10043874
9849203
9966845
10062218
9881429
9998112
9849058
11426575
10138675
9250351
9812434
10047033
9558352
9812822
10170668
9988535
9749712
9983128
10099456
9960999
9751510
9712725
9799388
9980593
9679242
9901002
9893550
9583072
10018253
9623107
9542807
9933465
9487460
9472717
9835574
9534560
9945536
9809143
9770707
10034481
9538341
10017096
9824514
9663541
9753016
9842003
9780328
9695920
10310253
9855860
9894018
9978294
10108729
9946903
9735171
10005490
10161409
9959682
9690759
9808287
9859557
9868218
9905404
9948818
9658342
10019662
10121586
9637871
9709627
9573073
9926919
9378758
9975979
9979197
9828534
9696007
9870813
9462379
9605646
9773389
9727931
9683879
9642507
9707339
9961826
10049288
9881270
9553459
9494939
9301348
9521418
