223355609
220550241
260440613
230051276
220265292
217319135
226889443
213391510
213876046
215150430
212986541
210932034
210683435
210045277
210015908
211673016
213955711
212059481
209812529
210393835
209781763
210055520
211507512
211791724
210324480
210461852
211259411
211349765
215766564
210282954
211299911
210225132
210383776
209893714
208339306
210085391
215189850
212328904
212288158
211834177
210289807
212182015
210336679
217183595
238419784
212900728
215641608
210337455
212324065
210039098
211355114
209999470
212425902
209977413
209864347
245419104
210129186
212280495
210567733
211771701
213265437
214077611
209783350
214055979
210353606
209760946
215339961
209777974
214849772
211747842
209874683
209878327
209901536
213745412
214205381
210957296
211150012
218519371
243286188
237401300
219200784
249419719
241617687
231029447
220554839
230009522
247501269
249799090
244601584
263363715
236091316
224514909
225999548
217170008
222730871
227569662
218499335
217047508
216712388
252251824
