5594606
5889972
5881390
5576054
5516145
5505875
5545998
5534127
5506025
5528401
5734942
5730867
5746594
5729607
5766680
5755557
5783728
5729410
5657236
5561347
5567616
5551061
5540133
5505148
5519424
5505327
5631472
5603265
5827891
5499049
5494012
5663219
5950355
5514995
5532355
5506235
5622470
5769908
5507154
5490323
5521880
5502896
5489274
5507376
5520430
5488356
5503127
5493642
5508023
5495391
5519693
5505371
5497987
5486571
5518468
5490773
5506918
5503233
5492686
5515868
5497076
5485289
5505081
5493277
5492562
5499387
5929719
5506935
5503721
5481906
5507285
5491974
5496693
5494834
5490869
5506393
5500129
5489903
5505075
5497452
5524744
5500395
5492854
5514780
5504833
5489570
5496981
5488213
5496547
5493454
17908919
10517857
5498664
5529885
6615075
5518588
5532857
5503223
5745241
5502480
