190920091
176352671
199641207
178818147
174097587
189600553
196427743
223133416
195555477
204363983
198817013
185012177
188601374
179377953
182918277
183932607
182678436
183062499
178616955
178346908
176739901
174016565
174792254
181552782
173479139
173920660
174578247
177662364
182704145
179190465
174188187
172380375
178254699
172758962
182200489
172696180
174174673
198883109
179104319
172363568
178045137
172437268
172348430
172366178
182234589
172310652
178669396
172545822
174257060
175595556
173093625
175120111
174167276
172342717
172333589
172405949
172260847
177476246
172400478
172433439
172322476
173240732
172417081
177395877
172458604
189971780
187549492
172310488
177923053
178819861
172464395
172805461
176620649
176049368
185155087
172661941
172294852
176722052
172997095
172177382
177918601
172305906
172160105
181474336
175530090
173106396
177979666
173002751
175671214
176103982
172262953
172407237
178486624
182670860
192574029
173958221
172293466
178168717
172329737
172252748
