9329
9632
9004
13341
9253
9525
8973
8924
9122
9421
8741
9041
9038
9096
9100
8969
9093
8958
9189
8977
9054
9704
8999
9344
9443
9104
8953
9071
9120
9113
8948
8980
9158
9076
8977
8867
8878
8914
9354
9254
8739
8778
8811
8826
8880
9549
8909
8966
8918
8764
8800
8806
9303
8869
8928
8984
9251
9691
10168
9337
9183
10616
9093
8945
8997
8886
8932
8802
8892
9068
8959
8915
8923
8899
8936
12330
8868
8813
8910
8873
8776
8760
8756
8770
8780
8804
8840
8941
8783
8832
8719
8860
8889
8750
8776
8790
8760
8830
8741
8765
