9725170
9959721
10166807
9956719
9743839
9668302
9673455
9668730
9757341
9856288
9734663
10083359
10082804
10159798
10191157
10124690
10137494
10151671
10096551
9845469
9671016
9905617
9688711
9644440
9674753
9645274
9660263
10223082
9679132
9883638
9638444
9668649
9933669
9709929
9701512
9654305
9839800
9972925
12657130
9634089
9606169
9670037
9621518
9735904
9650293
9636910
9663430
9641820
9617059
9703313
9692980
9661109
9637369
9616303
9645029
9632148
9630596
9625665
9620662
9666429
9647391
9740354
9657701
9636270
9636844
9652528
9635786
9662964
9658186
9628062
9664922
9640475
9632514
9632190
9626778
9659008
9645630
9623992
9662885
9649098
9750165
9668772
9671800
9660870
9658839
9627870
9644514
9875140
9656829
9609850
9623224
31493496
12435126
9650225
9640116
9626428
9673415
9670172
11941830
9678947
