39719
45872
44403
37834
39111
43992
46911
45179
44847
45815
42308
40669
39367
40712
39826
40035
40339
39044
39315
39628
37825
38023
37705
37757
37905
37749
37711
38317
41621
39222
37678
37719
38249
37756
38477
37917
42369
44152
38058
37728
37720
37767
37681
39740
39489
37673
41458
37827
37828
38276
37714
39154
38042
37685
37732
37741
37847
37712
37934
37792
37803
37764
37620
37748
37944
44739
38592
37948
39577
38093
37807
37847
39076
38512
39047
37769
38091
38375
37849
37955
37776
37726
37858
39193
38642
37834
37747
37884
38392
38503
37716
37606
37724
45259
38058
38069
37729
37784
37738
37883
