133178
131127
132176
136450
132489
134236
133282
132440
130629
131026
137580
132549
132534
131344
131997
130940
131999
130139
136149
138719
131979
121091
122113
132705
121649
123633
122111
121747
120901
126347
121858
116218
122103
118063
130343
131024
122059
125474
126643
136675
121850
116871
117617
117000
117909
117427
117404
122965
116939
117363
114451
117721
118120
116837
117213
119160
112562
112882
119108
116930
112936
114643
121895
113843
116162
113166
112131
117148
114572
112792
114892
116578
116379
118534
112467
113652
121539
131877
123849
114101
122023
114289
127394
115024
112934
113405
113409
111518
117538
117114
114410
113405
112105
128563
123897
113195
113487
113723
116383
113269
