129102
127692
127336
127124
127213
126889
129624
129308
128366
129691
127859
128320
129012
130774
128214
133979
129944
158237
128654
127415
131238
126960
128475
126981
128024
127584
126991
126627
126090
128025
127446
127930
128830
133744
126905
127688
129073
129142
129913
129001
127899
130995
137463
128813
138925
127873
128328
126721
127023
132981
129002
128118
127916
126952
127120
127423
129909
125887
130309
129387
131297
127349
129219
128477
129719
129313
127685
126605
128404
128541
126760
134955
128025
126330
126925
126980
127125
127276
127968
127539
127208
128954
128321
126999
126151
126661
126823
127766
127311
127236
126835
126646
128677
130472
133950
122777
122161
121718
121972
121714
