132378
132466
133616
131006
130308
132047
130383
130654
131817
131476
131921
132729
131385
132085
135456
131557
131905
132018
133242
131175
131929
132479
130071
131807
129896
132278
138225
133338
131608
133247
136785
131905
131562
135208
167597
136685
132140
171538
138612
131161
136964
132937
427177
136419
138459
132274
132139
131371
131313
135224
131424
131229
132507
132609
131522
130671
130008
134766
139157
132841
132100
131326
128448
130486
130193
131014
126926
131893
131205
130276
125582
131613
142225
125653
131146
131711
124920
134533
132103
133347
192336
132155
132372
133643
161993
132684
129326
131344
131735
130646
130140
131255
131607
132054
130542
132493
139855
131344
132923
130501
