132481
130839
131698
136242
132440
131310
132722
132541
130675
130267
183799
132517
131591
130946
131562
130886
129878
133852
132046
139031
131496
121031
122147
132502
121297
123879
121390
121263
120773
126984
122074
116644
121991
115659
130327
130894
121385
125971
126457
120843
121702
116461
117500
116999
117576
117103
117691
123125
116825
116995
114720
117369
117537
116498
117293
118786
112457
113736
118313
116986
112721
114699
116918
113931
115876
113083
112308
117362
114908
112526
114583
116240
116459
118241
112243
113070
121881
133392
123606
113690
122041
114415
127188
119105
112816
113288
113593
111618
117707
117072
114388
113206
112536
120761
117723
113127
113331
113807
116213
113352
