5304772
5569359
5471886
5740766
5237719
5570694
5244721
5782000
6195414
5680877
6067387
5601906
5682473
5241318
5861338
5162551
5355950
5404979
5777306
5220614
6043318
5537380
5385377
5283831
5698012
5844397
5556498
5267391
5082220
5106331
5652982
5276134
5126434
5213998
5301120
5235801
5365846
5330464
5580355
5172057
5295125
5688730
5273373
5704236
5489686
5226594
5546221
5518650
5151484
5459096
5782062
5521487
5121729
5298653
5743025
5377965
5803203
5389920
5065066
5313057
5700687
5665620
5603936
5760164
5202576
5729934
5177970
5308051
5766818
5603772
5280643
5043205
4984734
5228297
5797032
4824888
4715370
4894054
4971773
4877352
5425763
4881137
5008096
5169125
5174828
5230818
5527922
5263212
5347066
5532154
5829596
5580218
5210751
5352384
4930291
5721009
5134896
5252701
5385747
5293460
