26626295713
26369534320
26436585279
26774167011
26547188915
27557792640
26539569904
27287293401
26787867906
27310470350
28073047921
26589191194
26520765355
27252327701
26571115300
26529684342
26663854922
27684456654
26484705986
25842208867
26557728428
26315787722
27568073696
26319597508
26675423571
26122235207
26060255836
26849292037
27410973812
26294681010
26870743919
26904709285
26543279693
26271322217
28268463134
26443456908
26368877648
27072862345
26169766645
26061200163
26378048749
26255578300
26785250420
26990225908
26369912413
26518694498
26647214916
27177762301
26002604685
26241931798
26212698516
26003376960
27891847988
26714326568
25950864187
26141419063
26252191615
27303198429
26868509348
26648540180
26784215673
26879754865
27432709224
27294641159
26785226258
26425610780
26463664291
26363891988
26148324137
27245468497
26048760101
25929654783
28197511428
28782618676
27478408383
28500318130
27452179948
27462351020
27344215770
27831352461
28834842265
27588355747
28881543460
27651266725
27326531625
29207443631
27460576216
27722609004
28411518073
26881287355
27105322938
27016061109
26917696998
27352692319
28791692325
28253644897
27464304526
27401055688
27224039802
27340223344
