5342389
5476459
5763702
5403191
5151436
5455967
5150200
5373496
4883360
5485682
5037014
5178543
5466255
5012261
4892641
5015297
5328599
4912588
5031557
5453628
5640126
5071360
5000200
5406367
5054902
5160671
5184398
5429279
5510048
5155976
4936339
6121473
5013926
4908433
5152060
5294460
4996696
5058661
5319534
5230106
5289082
4963065
5001089
5442922
5256767
5160771
5202118
5096762
5648831
5128355
5238807
5701773
5709427
5150628
5065153
5487726
5143814
5023428
5328376
5169812
5096318
5277174
5010669
5071806
5348073
5077536
5109645
5101344
5017068
4991741
5220589
5470533
5218931
5147602
5067319
5311926
5272626
5446380
5468598
5086440
5342522
5436126
5705761
4866500
4874252
5374103
5417300
4949535
5161120
5661727
5220486
5355163
5356345
5066521
4907790
4821402
5004372
4974901
5183546
4973548
